0.00506700000000000
0.000376000000000000
0.000235000000000000
0.000199000000000000
0.000152000000000000
0.000142000000000000
0.000129000000000000
0.000117000000000000
0.000103000000000000
8.90000000000000e-05
8.00000000000000e-05
8.40000000000000e-05
0.000111000000000000
0.000165000000000000
0.000239000000000000
0.000318000000000000
0.000395000000000000
0.000477000000000000
0.000560000000000000
0.000643000000000000
0.000729000000000000
0.000810000000000000
0.000873000000000000
0.000913000000000000
0.000936000000000000
0.000954000000000000
0.000976000000000000
0.00100000000000000
0.00103000000000000
0.00106500000000000
0.00110600000000000
0.00114900000000000
0.00118800000000000
0.00122400000000000
0.00126000000000000
0.00131000000000000
0.00137800000000000
0.00145800000000000
0.00154700000000000
0.00164700000000000
0.00175300000000000
0.00187800000000000
0.00203600000000000
0.00223500000000000
0.00246900000000000
0.00271300000000000
0.00296600000000000
0.00324600000000000
0.00355200000000000
0.00387500000000000
0.00421000000000000
0.00454800000000000
0.00489000000000000
0.00524400000000000
0.00562300000000000
0.00603200000000000
0.00647700000000000
0.00696000000000000
0.00747300000000000
0.00800600000000000
0.00856100000000000
0.00914800000000000
0.00979000000000000
0.0105270000000000
0.0113990000000000
0.0124470000000000
0.0136500000000000
0.0149630000000000
0.0162950000000000
0.0176740000000000
0.0192390000000000
0.0210300000000000
0.0230360000000000
0.0252690000000000
0.0277580000000000
0.0304610000000000
0.0335060000000000
0.0370180000000000
0.0410020000000000
0.0455160000000000
0.0504720000000000
0.0557370000000000
0.0617110000000000
0.0684970000000000
0.0763810000000000
0.0850680000000000
0.0951070000000000
0.106115000000000
0.118133000000000
0.131194000000000
0.145316000000000
0.160503000000000
0.176739000000000
0.193988000000000
0.212192000000000
0.231268000000000
0.251111000000000
0.271594000000000
0.292572000000000
0.313884000000000
0.348846354519248
0.378656280966728
0.410553905320377
0.444651077521039
0.481063888224212
0.519912769099039
0.561322594226601
0.605422782597521
0.652347401708868
0.702235272260377
0.755230073949969
0.811480452368578
0.871140126994289
0.934368000285776
1.00132826787506